while wait(1) do
game.Players.LocalPlayer.Character.HumanoidRootPart.CFrame = CFrame.new(-47.8699989, 3.02144718, -180.197586, 0.74652338, -9.96221914e-08, -0.665359199, 1.06669503e-07, 1, -3.00453031e-08, 0.665359199, -4.85440133e-08, 0.74652338)
wait(1)
game.Players.LocalPlayer.Character.HumanoidRootPart.CFrame = CFrame.new(-12.6688337, 3.02144718, -180.711319, 0.748956144, 6.58979715e-08, 0.662619531, -3.07284047e-08, 1, -6.4718499e-08, -0.662619531, 2.8110076e-08, 0.748956144)
wait(1)
game.Players.LocalPlayer.Character.HumanoidRootPart.CFrame = CFrame.new(-13.2099342, 3.02144718, -241.951309, -0.798636019, -4.87873963e-09, 0.601814389, 4.11944399e-08, 1, 6.27736938e-08, -0.601814389, 7.4924742e-08, -0.798636019)
wait(1)
game.Players.LocalPlayer.Character.HumanoidRootPart.CFrame = CFrame.new(-47.0260086, 3.02144718, -240.881348, -0.814118028, 4.97849477e-08, -0.580699384, 1.66076963e-09, 1, 8.34044016e-08, 0.580699384, 6.69366216e-08, -0.814118028)
end