         game.Players.LocalPlayer.Character.HumanoidRootPart.CFrame = CFrame.new(-493.187927, 9.16371536, 961.666687, -0.735366881, -3.58977736e-08, 0.677669227, 4.18890096e-08, 1, 9.8427904e-08, -0.677669227, 1.00767515e-07, -0.735366881)
wait(5)
         game.Players.LocalPlayer.Character.HumanoidRootPart.CFrame = CFrame.new(168.924805, 80.6751251, 835.165405, -0.703605413, -6.93429882e-08, 0.710590899, -9.0754078e-08, 1, 7.72305153e-09, -0.710590899, -5.905504e-08, -0.703605413)
wait(5)
         game.Players.LocalPlayer.Character.HumanoidRootPart.CFrame = CFrame.new(366.570099, 74.5009155, 866.935913, -0.614306808, -4.69021373e-08, -0.789067268, -4.23005986e-09, 1, -5.61467743e-08, 0.789067268, -3.11535437e-08, -0.614306808)
wait(5)
         game.Players.LocalPlayer.Character.HumanoidRootPart.CFrame = CFrame.new(-157.078537, -19.6873035, 989.133789, 0.144425973, -0.0106388619, 0.989458442, -0.0513135269, 0.998516262, 0.0182262156, -0.988184214, -0.0534049422, 0.143665761)
wait(5)
         game.Players.LocalPlayer.Character.HumanoidRootPart.CFrame = CFrame.new(-336.623718, 55.2106285, 907.309692, 0.996498346, -9.44684064e-09, 0.0836127624, 9.84896342e-09, 1, -4.39688286e-09, -0.0836127624, 5.20498533e-09, 0.996498346)
wait(5)
         game.Players.LocalPlayer.Character.HumanoidRootPart.CFrame = CFrame.new(-43.9136505, 30.0070992, 1387.3844, 0.939687133, -3.27874119e-08, 0.342035204, 1.32197844e-08, 1, 5.95405112e-08, -0.342035204, -5.14278184e-08, 0.939687133)
wait(5)
         game.Players.LocalPlayer.Character.HumanoidRootPart.CFrame = CFrame.new(929.527527, 107.190613, 950.083984, 0.998243511, 1.69314891e-08, 0.0592439994, -1.48937094e-08, 1, -3.48379139e-08, -0.0592439994, 3.38943629e-08, 0.998243511)
wait(5)
         game.Players.LocalPlayer.Character.HumanoidRootPart.CFrame = CFrame.new(182.196472, 58.1723938, 1225.52795, 0.981490731, 9.24511099e-08, -0.191509575, -1.01668043e-07, 1, -3.83016499e-08, 0.191509575, 5.70631187e-08, 0.981490731)
wait(1)
         game.Players.LocalPlayer.Character.Humanoid.WalkSpeed = 150